14335
14356
14349

14352
14348
14343
14343
14347
14359
14346
14340
14353
14351
14335
14344
14343
14332
14332
14335
14356
14349

14352
14348
14343
14343
14347
14359
14346
14340
14353
14351
14335
14344
14343
14332
14332
14335
14356
14349

14352
14348
14343
14343
14347
14359
14346
14340
14353
14351
14335
14344
14343
14332
14332
14335
14356
14349

14352
14348
14343
14343
14347
14359
14346
14340
14353
14351
14335
14344
14343
14332
14332
14335
14356
14349

14352
14348
14343
14343
14347
14359
14346
14340
14353
14351
14335
14344
14343
14332
14332
14335
14356
14349

14352
14348
14343
14343
14347
14359
14346
14340
14353
14351
14335
14344
14343
14332
14332
14335
14356
14349

14352
14348
14343
14343
14347
14359
14346
14340
14353
14351
14335
14344
14343
14332
14332
14335
14356
14349

14352
14348
14343
14343
14347
14359
14346
14340
14353
14351
14335
14344
14343
14332
14332
14335
14356
14349

14352
14348
14343
14343
14347
14359
14346
14340
14353
14351
14335
14344
14343
14332
14332
14335
14356
14349

14352
14348
14343
14343
14347
14359
14346
14340
14353
14351
14335
14344
14343
14332
14332
14335
14356
14349
14358
14340
14341
14345
14342
14337
14344
14354
14334
14336
14353
14335
14352
14350
14343
14341
14334
14342
14340
14340
14352
14344
14349
14347
14356
14354
14336
14361
14360
14345
14346
14347
14357
14337
14344
14360
14348
14333
14347
14343
14343
14349
14346
14350
14345
14340
14340
14335
14344
14337
14356
14356
14353
14343
14343
14351
14338
14343
14348
14350
14331
14321
14340
14356
14343
14362
14347
14343
14354
14341
14335
14353
14345
14342
14343
14352
14346
14342
14348
14340
14348
14346
14342
14341
14336
14339
14340
14340
14350
14340
14333
14338
14342
14345
14358
14348
14344
14353
14343
14343
14337
14346
14363
14367
14334
14337
14332
14344
14342
14344
14341
14348
14340
14360
14349
14337
14334
14353
14350
14350
14351
14343
14344
14325
14327
14340
14344
14349
14344
14337
14338
14338
14331
14334
14330
14341
14354
14339
14334
14346
14354
14340
14337
14340
14336
14348
14363
14341
14356
14340
14334
14335
14335
14355
14355
14352
14338
14350
14345
14346
14347
14350
14352
14353
14326
14344
14354
14355
14330
14335
14346
14350
14360
14335
14352
14351
14344
14336
14335
14346
14346
14346
14340
14334
14336
14321
14318
14348
14346
14342
14337
14345
14336
14337
14326
14331
14340
14352
14343
14346
14347
14338
14353
14336
14340
14342
14337
14335
14344
14347
14332
14335
14344
14348
14347
14354
14333
14340
14344
14337
14350
14344
14339
14337
14343
14357
14344
14350
14358
14347
14359
14359
14337
14357
14332
14331
14345
14347
14337
14353
14346
14340
14352
14340
14336
14354
14356
14348
14340
14353
14359
14344
14341
14349
14346
14339
14336
14357
14346
14353
14346
14341
14354
14349
14342
14339
14331
14344
14341
14345
14340
14346
14334
14341
14348
14358
14334
14330
14344
14347
14352
14348
14324
14344
14343
14340
14336
14338
14352
14336
14343
14339
14338
14351
14348
14351
14337
14341
14352
14325
14347
14353
14347
14357
14343
14327
14324
14353
14343
14347
14353
14332
14347
14339
14342
14346
14343
14340
14358
14341
14348
14343
14354
14350
14342
14343
14342
14336
14341
14345
14340
14345
14343
14348
14351
14344
14348
14348
14341
14336
14346
14334
14343
14355
14335
14333
14346
14349
14347
14341
14329
14329
14335
14344
14341
14335
14340
14341
14355
14331
14346
14339
14341
14342
14346
14345
14334
14344
14351
14345
14342
14343
14355
14355
14340
14322
14350
14345
14348
14333
14322
14342
14336
14342
14354
14335
14345
14347
14347
14344
14348
14347
14348
14338
14352
14343
14337
14340
14328
14354
14346
14349
14333
14351
14333
14341
14344
14348
14359
14340
14342
14344
14355
14339
14348
14329
14332
14335
14335
14349
14334
14353
14348
14338
14358
14333
14364
14347
14357
14341
14346
14345
14346
14356
14333
14350
14353
14351
14357
14350
14344
14342
14342
14340
14347
14353
14347
14334
14350
14331
14352
14347
14336
14340
14346
14349
14348
14343
14346
14338
14338
14357
14342
14354
14333
14348
14341
14348
14347
14349
14343
14337
14346
14331
14345
14340
14343
14339
14337
14341
14343
14350
14351
14349
14351
14349
14339
14336
14335
14349
14343
14345
14340
14346
14333
14341
14352
14351
14338
14347
14356
14347
14344
14341
14345
14343
14346
14345
14345
14344
14359
14335
14346
14346
14344
14354
14344
14337
14344
14346
14334
14353
14352
14349
14346
14346
14345
14343
14340
14339
14350
14336
14347
14334
14348
14342
14350
14342
14346
14353
14352
14343
14341
14349
14340
14343
14342
14339
14331
14349
14347
14346
14343
14343
14339
14351
14341
14340
14346
14350
14338
14344
14343
14333
14339
14352
14339
14340
14350
14351
14343
14345
14333
14351
14334
14346
14351
14336
14357
14346
14343
14350
14346
14333
14339
14335
14341
14349
14345
14344
14342
14353
14340
14342
14330
14344
14344
14350
14346
14339
14337
14341
14354
14347
14355
14346
14349
14341
14329
14349
14352
14340
14341
14355
14341
14346
14347
14331
14341
14345
14359
14343
14355
14349
14344
14354
14349
14348
14349
14340
14341
14344
14344
14363
14348
14350
14352
14349
14341
14344
14335
14345
14341
14332
14340
14335
14336
14335
14347
14348
14339
14361
14359
14353
14350
14336
14341
14340
14344
14355
14344
14352
14349
14354
14343
14348
14339
14343
14349
14351
14330
14350
14344
14347
14331
14340
14332
14352
14343
14338
14334
14361
14353
14348
14348
14336
14347
14326
14353
14341
14347
14357
14341
14344
14352
14349
14349
14346
14338
14340
14346
14335
14344
14342
14342
14355
14342
14338
14340
14346
14347
14330
14342
14341
14349
14355
14341
14338
14338
14342
14334
14334
14336
14361
14344
14334
14338
14342
14344
14343
14346
14349
14348
14353
14359
14343
14341
14346
14344
14335
14351
14339
14342
14353
14347
14362
14330
14347
14356
14346
14339
14343
14345
14332
14349
14351
14348
14340
14353
14345
14328
14347
14344
14336
14340
14329
14332
14338
14341
14352
14340
14341
14341
14343
14350
14343
14352
14339
14335
14346
14336
14357
14335
14340
14342
14346
14339
14333
14344
14338
14349
14338
14348
14340
14345
14344
14339
14333
14344
14354
14339
14360
14357
14344
14338
14353
14337
